#STATES
8
#OBSERVATIONS
14
#DEFAULTPROBABILITY
1.4516923410508334E-59
#QUANTIZER
$map
0.37824041637473726	0.47649716427953487	-0.29776515845392926	
0.6710577561760872	0.0	0.6710577561760871	
-0.4384475439660397	-1.753057658707047	1.2971143174250834	
-2.130883012102196	-1.079207920792079	2.3892534864643147	
-1.9590954439640842	1.0143724049824336	1.1567255021302496	
-0.6710577561760873	0.0	-0.6710577561760871	
-0.20980774589021992	-0.9084827401659086	0.31251062383137856	
0.23004963726613184	-0.551705170517052	-0.20440251572327026	
-0.8926116838487973	1.9639713971397141	0.037735849056603765	
-0.17203608247422678	0.06930693069306931	0.39740566037735847	
-1.2515825646590704	-4.396039603960396	3.6211519364448854	
-0.3671922377198302	-2.8602213162492713	1.777469478357381	
-0.35431361909929454	-1.5224943546986272	0.23088381330685206	
0.5319363514119231	1.8326517434352139	-0.4811320754716982	
#HMM
$pi
1.0	0.0	0.0	0.0	0.0	0.0	0.0	0.0	
$a
0.3333333333333334	0.3333333333333335	0.3333333333333335	0.0	0.0	0.0	0.0	0.0	
0.0	0.3333333333333334	0.3333333333333334	0.3333333333333334	0.0	0.0	0.0	0.0	
0.0	0.0	0.3333333333333333	0.3333333333333334	0.3333333333333334	0.0	0.0	0.0	
0.0	0.0	0.0	0.33333333333333337	0.33333333333333337	0.3333333333333334	0.0	0.0	
0.0	0.0	0.0	0.0	0.33333333333333337	0.33333333333333337	0.3333333333333334	0.0	
0.0	0.0	0.0	0.0	0.0	0.33333333333333326	0.33333333333333337	0.33333333333333337	
0.0	0.0	0.0	0.0	0.0	0.0	0.5	0.5	
0.0	0.0	0.0	0.0	0.0	0.0	0.0	1.0	
$b
2.869161520141248E-10	0.0	2.300446263330395E-4	7.166923735757228E-20	1.93527250594998E-18	0.0	0.5958332365835551	0.39986282558764114	5.2252358857177286E-17	4.006352384348157E-13	9.360594842461145E-22	6.345866024960255E-8	0.004073829456139064	3.546659617205593E-13	
1.0732288428543989E-8	0.0	0.0031880556114143553	5.5059847045031105E-18	1.3706863702878994E-16	0.0	0.5687478406460682	0.3982167278658169	3.38733916976848E-15	1.9842833117297597E-11	7.973958433204566E-20	1.7190241716545946E-6	0.029845646083008274	1.7385900267036897E-11	
7.070147965632338E-8	0.0	0.008598836996719842	7.23603869626006E-17	1.664403727953614E-15	0.0	0.5468664697934734	0.39547320320673546	3.7746205597946846E-14	1.7076434976695298E-10	1.1593909857166286E-18	8.372642711041914E-6	0.04905304634004527	1.480316142608915E-10	
5.803893489730836E-7	0.0	0.02931995802260747	1.1661167463180853E-15	2.4819299806084107E-14	0.0	0.4871468759741825	0.3855963220751613	5.173903461524492E-13	1.8196882878562212E-9	2.0641052155600163E-17	5.11515576593457E-5	0.09788510860095476	1.5598539464955651E-9	
2.7839247606707283E-6	0.0	0.05928204721140171	1.087439735055294E-14	2.1437272416351508E-13	0.0	0.44570387723412885	0.37302474400424784	4.11223280870143E-12	1.129343119916828E-8	2.1245239386280205E-16	1.830801798269139E-4	0.12180344658117356	9.566691588508597E-9	
1.2575884889979438E-5	0.0	0.1135795254557933	9.49568623418418E-14	1.7349575408679863E-12	0.0	0.3884458553322262	0.35266682977715763	3.064549010322597E-11	6.59156191301407E-8	2.046574110063438E-15	6.171857369197655E-4	0.14467790672637496	5.513854167703789E-8	
1.9313996793853355E-4	0.0	0.20659643235197536	1.6213624492751671E-10	1.2976345405027988E-9	0.0	0.31880766044981	0.3278295801849069	1.0341009889735944E-8	3.7177804691711125E-6	1.2389426140004416E-11	0.0034968656341764315	0.1430697731525317	2.8186650217169883E-6	
0.14949442895763615	0.0	0.11739366026186665	0.03371043832410791	0.0454358081546921	0.0	0.10461020266828201	0.11465623793672186	0.05276416413420908	0.04690140504061788	0.08061191773895814	0.04975141827354008	0.06982862167783839	0.1348416968315304	
#EXECUTOR
$mode
1
$key
0
$modifiers
0
$command

#END