#STATES
8
#OBSERVATIONS
14
#DEFAULTPROBABILITY
1.4020391669955743E-48
#QUANTIZER
$map
4.754050073637702	-0.26874115983026875	0.8962264150943396	
2.182411108773406	-0.775106082036775	0.5342703118983441	
-1.0655784650630007	-0.6923817381738173	0.5644654088050318	
-1.9908802537668526	-0.7421934501142426	0.8824383164005808	
-3.612189205579139	-0.6086196854979613	1.2813540510543842	
-1.826561552456034	0.20500873616773443	0.4478357380688125	
0.0	0.0	-0.7871223144415773	
0.6855670103092782	-0.27590759075907595	0.5075471698113208	
-0.010309278350515427	0.7293729372937294	0.07861635220125786	
-0.4007316262055204	-0.19578409453848616	0.842665855143031	
0.06504822081809106	-0.9776109869051419	0.2993913572732806	
1.152093674430444	-0.9748808214154754	0.30619613324015843	
-1.5880253766851704	-0.7433358720487433	-0.054426705370101636	
-0.15463917525773196	0.12871287128712872	-0.12264150943396228	
#HMM
$pi
1.0	0.0	0.0	0.0	0.0	0.0	0.0	0.0	
$a
0.3333333333333335	0.33333333333333354	0.33333333333333354	0.0	0.0	0.0	0.0	0.0	
0.0	0.3333333333333333	0.3333333333333333	0.3333333333333333	0.0	0.0	0.0	0.0	
0.0	0.0	0.33333333333333326	0.3333333333333333	0.3333333333333333	0.0	0.0	0.0	
0.0	0.0	0.0	0.3333333333333333	0.33333333333333337	0.33333333333333337	0.0	0.0	
0.0	0.0	0.0	0.0	0.33333333333333337	0.3333333333333334	0.3333333333333334	0.0	
0.0	0.0	0.0	0.0	0.0	0.33333333333333326	0.33333333333333337	0.33333333333333337	
0.0	0.0	0.0	0.0	0.0	0.0	0.5	0.5	
0.0	0.0	0.0	0.0	0.0	0.0	0.0	1.0	
$b
2.910992406237392E-32	1.6153741814188966E-13	7.594186350848407E-20	6.4116663503433896E-21	2.739245378626249E-21	1.991677124764039E-18	0.0	1.4223870718499687E-15	5.196721378193014E-17	1.98130684914532E-18	0.9999542751364736	4.572486336375147E-5	1.2601774789011825E-22	2.376187187102431E-20	
3.754993772693594E-30	8.340892969711761E-12	5.857636775220056E-18	5.177008291432235E-19	2.27352306097157E-19	1.4134359218117005E-16	0.0	8.375863078113259E-14	3.3658764618757823E-15	1.4069695434713692E-16	0.9993141237271898	6.858762643819418E-4	1.1311913095566018E-20	1.871704368917606E-18	
8.199414238527001E-29	7.467729615175851E-11	7.73017790082009E-17	7.143549918563768E-18	3.2221571894122332E-18	1.7198046735993242E-15	0.0	8.505706121183623E-13	3.74696936294327E-14	1.713297847175006E-15	0.9980337986155088	0.0019662013089221234	1.7311362836423391E-19	2.5202206873667927E-17	
2.178679783359303E-27	8.268050975355369E-10	1.251143512618716E-15	1.2080044999303688E-16	5.593086410179115E-17	2.5699198966969563E-14	0.0	1.0646140628031322E-11	5.130203344552145E-13	2.5626985739357495E-14	0.9929123273328785	0.007087671829103976	3.2413221405942274E-18	4.158956353115688E-16	
3.330825116551901E-26	5.326432867276468E-9	1.172013597933397E-14	1.1817126184761546E-15	5.6135624219424E-16	2.224540739348856E-13	0.0	7.736614861113083E-11	4.072258440450504E-12	2.2209194775600224E-13	0.9849963566416803	0.015003637949986572	3.506613254748575E-17	3.969876990461308E-15	
4.748352490225181E-25	3.2246496337276644E-8	1.0282800112086194E-13	1.0823606091017445E-14	5.273183366908539E-15	1.8044068651064095E-12	0.0	5.275929199545186E-10	3.030303337529129E-11	1.8040344996357597E-12	0.9702244578990777	0.029775509292766882	3.5489969135674586E-16	3.547237408326497E-14	
2.625785501071357E-18	2.2507181151186986E-6	1.9026742324578974E-10	3.441617670573595E-11	2.2359535679791374E-11	1.387989184999163E-9	0.0	8.520895287819724E-8	9.875158472983806E-9	1.4577148105330594E-9	0.9453208825669286	0.05467676845628728	4.186057259506158E-12	7.762450293966377E-11	
0.009195024834776896	0.06305155863876016	0.0945773982972024	0.13661179754464908	0.04466154919709303	0.02233077457421757	0.0	0.03809367280345251	0.003940724754428156	0.03940724926614393	0.30548266537107555	0.2058674853805372	0.03283937440984359	0.003940724927819418	
#EXECUTOR
$mode
1
$key
0
$modifiers
0
$command

#END