#STATES
8
#OBSERVATIONS
14
#DEFAULTPROBABILITY
3.0147862969021907E-50
#QUANTIZER
$map
0.2246173070915339	0.018301830183018303	0.4468267581475128	
-0.1615120274914088	-0.44141914191419124	0.8422431865828093	
0.022368009996875972	-0.003000300030002989	1.0176672384219563	
-0.44016136261766	0.4961256995264744	0.5172272354388842	
-0.44510761439681656	1.3944762897342364	0.5221780867262495	
-0.5231160296762128	0.0	-0.5231160296762126	
0.0	0.0	-0.7397977838628664	
0.5231160296762125	0.0	-0.5231160296762128	
0.5656942311910508	3.168316831683168	1.1635889201124043	
-0.14874815905743738	2.377854111941806	0.6128224874855602	
-0.21444872904698176	-1.3371627239059785	1.4772432665994535	
0.1233330180648823	-0.7937142338087022	1.2912411286134677	
0.0	-0.5231160296762128	-0.5231160296762126	
0.0	0.5231160296762125	-0.5231160296762128	
#HMM
$pi
1.0	0.0	0.0	0.0	0.0	0.0	0.0	0.0	
$a
0.33333333333333337	0.33333333333333337	0.33333333333333337	0.0	0.0	0.0	0.0	0.0	
0.0	0.3333333333333334	0.33333333333333354	0.33333333333333354	0.0	0.0	0.0	0.0	
0.0	0.0	0.33333333333333326	0.33333333333333337	0.33333333333333337	0.0	0.0	0.0	
0.0	0.0	0.0	0.33333333333333337	0.33333333333333337	0.33333333333333337	0.0	0.0	
0.0	0.0	0.0	0.0	0.33333333333333326	0.33333333333333326	0.3333333333333333	0.0	
0.0	0.0	0.0	0.0	0.0	0.3333333333333332	0.33333333333333326	0.33333333333333326	
0.0	0.0	0.0	0.0	0.0	0.0	0.5	0.5	
0.0	0.0	0.0	0.0	0.0	0.0	0.0	1.0	
$b
0.7703703703703704	0.0025454186377493505	0.22708399887673064	1.6795823293763395E-15	1.7295101045210584E-16	0.0	0.0	0.0	2.3213696494094682E-18	2.2183285192374305E-17	8.20804430059887E-9	2.0390710340872448E-7	0.0	0.0	
0.5481481481481516	0.01592947759845183	0.4359169182840172	1.0011955099127666E-13	1.096142379620868E-14	0.0	0.0	0.0	1.6641609538997703E-16	1.5041405627445446E-15	2.6089152191026307E-7	5.195077745068411E-6	0.0	0.0	
0.41481481481485055	0.022867129277055236	0.5622925906599946	1.0296074155262292E-12	1.1958722985519331E-13	0.0	0.0	0.0	2.0462892728298848E-15	1.7521689726292866E-14	1.4785925686528314E-6	2.39866543621095E-5	0.0	0.0	
0.11851851851900856	0.0385569482747041	0.8427745194215133	1.3057278805178475E-11	1.6066591358992919E-12	0.0	0.0	0.0	3.0916766727373676E-14	2.5105480150564473E-13	1.0508016623167429E-5	1.3950575320495275E-4	0.0	0.0	
0.05387205387594182	0.04390129344046933	0.9017055998802952	9.620089151633398E-11	1.252865536834577E-11	0.0	0.0	0.0	2.707414641826279E-13	2.0863402109953826E-12	4.383653254255662E-5	4.7721615966414235E-4	0.0	0.0	
2.89221464623034E-11	0.05411565267170487	0.9441677943813707	6.655733916609927E-10	9.168688385152798E-11	0.0	0.0	0.0	2.223181276127228E-12	1.62644717768364E-11	1.7288216640747015E-4	0.0015436699758468704	0.0	0.0	
9.523242211235088E-9	0.07706385862825964	0.9131692490905154	1.2475471037570582E-7	2.757521227403481E-8	0.0	0.0	0.0	2.088986924567382E-9	8.883687431786443E-9	0.0016724156269167412	0.008094303828468668	0.0	0.0	
0.017676894284861733	0.10960099215442212	0.17714475224162116	0.0739215560744117	0.09159845267459024	0.0	0.0	0.0	0.07552854914382243	0.0787425298133943	0.2072619990001572	0.16852427461271918	0.0	0.0	
#EXECUTOR
$mode
1
$key
0
$modifiers
0
$command

#END