#STATES
8
#OBSERVATIONS
14
#DEFAULTPROBABILITY
2.1799979005319466E-60
#QUANTIZER
$map
0.5049544852053992	0.5716480397213792	0.06476542706005839	
-0.10354911982146299	0.570864752368666	1.412751904956078	
-0.9512686221761635	0.4135762529501178	2.8402352020009514	
-1.269594191740743	0.12800219187909037	1.9887307279810384	
-0.4714876566832231	0.15655666486635647	1.2331888862491318	
0.02381257024753793	-0.22803211507240642	-0.36642483497263945	
0.4158201071938238	-0.3616564444696485	-1.4964044155950718	
0.8256996431063123	-0.08015598225193105	-1.2120092734606718	
-0.06420705691914498	0.49227395890374975	0.676037620040411	
-0.455284847996048	0.5186948840540662	2.1068645094765057	
-0.24197537661462057	-0.02706879204937354	0.5429486518627522	
-0.09111654082760583	0.06603468201545352	0.14456796959929288	
0.21653147151046026	-0.2779068309933594	-0.8768542978595258	
0.11131200304296904	0.15280596974796173	-0.321298777320793	
#HMM
$pi
1.0	0.0	0.0	0.0	0.0	0.0	0.0	0.0	
$a
0.3333333333333333	0.3333333333333333	0.33333333333333337	0.0	0.0	0.0	0.0	0.0	
0.0	0.3333333333333335	0.3333333333333335	0.3333333333333335	0.0	0.0	0.0	0.0	
0.0	0.0	0.3333333333333333	0.33333333333333337	0.3333333333333334	0.0	0.0	0.0	
0.0	0.0	0.0	0.3333333333333334	0.3333333333333334	0.3333333333333335	0.0	0.0	
0.0	0.0	0.0	0.0	0.3333333333333334	0.3333333333333334	0.3333333333333334	0.0	
0.0	0.0	0.0	0.0	0.0	0.33333333333333326	0.3333333333333333	0.3333333333333333	
0.0	0.0	0.0	0.0	0.0	0.0	0.5000000000000001	0.5000000000000001	
0.0	0.0	0.0	0.0	0.0	0.0	0.0	1.0	
$b
8.018849686255664E-8	0.007412048875917868	0.0013304706762682344	0.0010922504410963152	0.0036997521832150696	0.11111111111111108	8.783979663171608E-10	6.511865371243824E-10	0.0899885514315171	0.002558034559705489	0.3605852766346594	0.42222235386213663	6.844893706497431E-9	6.166139780383252E-8	
2.2373623094569983E-6	0.02971978283781476	0.012563577142147482	0.012511642872868297	0.03298503502740662	0.08888888888888896	3.142492744438748E-8	2.442401257810506E-8	0.053821236078198234	0.016141689398363235	0.3385459533607683	0.41481801443908667	2.129947541648566E-7	1.6737484539532198E-6	
1.1225012934202346E-5	0.029956400163441015	0.025188371490595073	0.028661193497177165	0.061333619348149654	0.05925925925926033	1.9897127399460808E-7	1.6122651970948763E-7	0.046284484453273204	0.023538629109520325	0.37018747142203934	0.3555696260555804	1.180687074849505E-6	8.179303160768398E-6	
7.073079710040835E-5	0.02520596725590319	0.06391578118110319	0.08190400565004707	0.13793561279615235	1.667941760219029E-14	1.5753438392004102E-6	1.3253373042210064E-6	0.03520765944828488	0.0412272126371716	0.412912665752172	0.20155905796712134	8.191728194453272E-6	5.021410558947625E-5	
2.614671870246527E-4	0.014857929913787477	0.10023272916124616	0.13795384110884795	0.1820762109742448	1.5090085449190822E-13	7.311484493916328E-6	6.361225519803997E-6	0.04354803350724089	0.05010918760064949	0.3519640852974188	0.11876862252939721	3.328347389228212E-5	1.809365360855946E-4	
9.115777191491946E-4	0.010522605360414276	0.15350408023611636	0.21618132407476856	0.21705298827688718	1.2794312283558457E-12	3.206204349471042E-5	2.8728625867905418E-5	0.049261110267638804	0.06756442543971171	0.24957867920831084	0.03461950924365693	1.274735221079075E-4	6.154359805964098E-4	
0.005668956980718763	0.032033581913952655	0.21119592247940147	0.26782070729547447	0.18121454708393372	1.631683738282682E-9	4.6131330749616875E-4	4.307317233176913E-4	0.0526031451553884	0.10344906748285818	0.12896927936727867	0.011437773610144775	0.0010680010768412194	0.003646970891510149	
0.02569324729493978	0.08462285899176437	0.039756710647756995	0.02688595172620789	0.024648929079400916	0.08881263558045707	0.180844152533066	0.05327764923148471	0.08195772484270716	0.09788333969550404	0.03584319153981418	0.08549665087610803	0.11139358555084092	0.06288337240994801	
#END