#STATES
8
#OBSERVATIONS
14
#DEFAULTPROBABILITY
4.112486977204932E-61
#QUANTIZER
$map
2.6377722836566924	0.3757661402709445	-0.16376167405420272	
1.2215110440529402	-0.0751448361905699	0.16204242697065788	
-0.10015216488376265	-0.006639276410724938	0.5965839921667437	
-1.1564622272139422	0.010968287303777273	0.6260341625469572	
-1.8420074421919084	-0.27446332797897	0.25645507972963266	
-1.214927113388398	-0.13438390666999425	0.08305062790865335	
-0.1627218130969132	-0.1956366613070611	-0.008093303678894673	
1.9828157992348072	0.2776417843942166	-0.07759670844392143	
1.111303484739369	0.5364175547285069	-0.23708965313030153	
-0.36595458040097373	0.20659312208908426	0.008699684390119406	
-0.7212086595205842	0.023436394606600238	0.3573048297809317	
-0.6965051471017126	-0.20417275282518046	-0.01568633535723502	
0.3507679725802455	-0.08435519457517605	-0.011137543785506515	
0.2769455080973847	0.44424040517983643	-0.0698324614560329	
#HMM
$pi
1.0	0.0	0.0	0.0	0.0	0.0	0.0	0.0	
$a
0.33333333333333326	0.33333333333333326	0.3333333333333333	0.0	0.0	0.0	0.0	0.0	
0.0	0.3333333333333335	0.3333333333333335	0.3333333333333335	0.0	0.0	0.0	0.0	
0.0	0.0	0.33333333333333326	0.33333333333333337	0.33333333333333337	0.0	0.0	0.0	
0.0	0.0	0.0	0.33333333333333326	0.33333333333333337	0.33333333333333337	0.0	0.0	
0.0	0.0	0.0	0.0	0.3333333333333333	0.33333333333333337	0.3333333333333334	0.0	
0.0	0.0	0.0	0.0	0.0	0.3333333333333332	0.33333333333333326	0.33333333333333326	
0.0	0.0	0.0	0.0	0.0	0.0	0.5000000000000001	0.5000000000000001	
0.0	0.0	0.0	0.0	0.0	0.0	0.0	1.0	
$b
6.34244843426752E-15	2.813057613509893E-18	0.7325337462985855	1.9952016528480498E-4	1.5992811124735932E-23	1.4255410177893144E-7	0.06666672242004215	6.942482800772666E-14	5.458709866914522E-12	1.5979534264193327E-8	5.998413321455027E-4	1.0868577860716944E-8	0.19999999999999996	3.761934707944146E-10	
3.675025777713209E-13	2.0192635121610472E-16	0.990137381195655	0.00275570557136951	1.500953728104455E-21	3.883337149423462E-6	1.477464450782588E-6	3.753053358168337E-12	2.507873750818365E-10	4.983944250344274E-7	0.007100710096356772	3.294527418935562E-7	1.825146444849334E-17	1.4232943599701796E-8	
3.677734328091864E-12	2.4854514499153098E-15	0.9756652823800448	0.007420454213509599	2.399348362021912E-20	1.9012573412829338E-5	7.024925313205347E-6	3.5122484857448686E-11	2.0080906436369202E-9	2.764905381832104E-6	0.016883588514903035	1.7756339259625256E-6	2.353968186251517E-16	9.480661525205419E-8	
4.5418214818950185E-11	3.7579431609244154E-14	0.9237678437807144	0.02526693501747141	4.689534273117386E-19	1.1674350514208363E-4	4.174812757642885E-5	4.061210279659996E-10	1.993848537596487E-8	1.9168960976258434E-5	0.05077481272120672	1.1940560044059712E-5	3.725494751978063E-15	7.869368026370855E-7	
3.2600647993126163E-10	3.292311323082458E-13	0.8568527661755321	0.050972208554608385	5.293493205230463E-18	4.1991457114076757E-4	1.4469521490313231E-4	2.731181110091835E-9	1.153744237416812E-7	7.769303324257909E-5	0.09148194640816024	4.684043970537265E-5	3.41387219658072E-14	3.817170732753272E-6	
2.1981033816001596E-9	2.7037989828427046E-12	0.7432502877844887	0.09710541457707984	5.58823365119249E-17	0.0014224292094978234	4.696664353257787E-4	1.725740428028654E-8	6.279342554661577E-7	2.9624371903033935E-4	0.15726547132403923	1.7239869928233932E-4	2.9308637942236826E-13	1.74408584957447E-5	
3.3668940220733946E-7	2.4479787063047095E-9	0.5704721463686544	0.16853599918506654	1.261029814913924E-12	0.008156728444149785	0.0022709164907863248	1.6130757033049525E-6	2.319381380431639E-5	0.0023939934947267904	0.24665365914766013	0.0012103706891860245	4.269745131190552E-10	2.8103972464594537E-4	
0.06266829152550948	0.03760097914058245	0.03153942223109573	0.032759456690186047	0.09400244798038963	0.1439345459855418	0.09237759494719423	0.08930229130500172	0.050134138752506545	0.04381124866515221	0.0790652940435965	0.10337358491977827	0.07676866584167912	0.06266203797178617	
#END