#STATES
8
#OBSERVATIONS
14
#DEFAULTPROBABILITY
6.393457610366434E-67
#QUANTIZER
$map
1.585939583018709	0.4454890921077286	0.20578555886044653	
1.2299426873727377	0.6082770008156262	0.8568239212977548	
-0.619329886663524	0.30345817978931	1.0729229593408895	
-1.4592811648130835	-0.2345294086647542	0.6149913587004641	
-1.1554305350634548	-0.33309443634925173	-0.3303492540838256	
-0.662600386802779	-0.5193811582113468	-1.1376272775622622	
0.2667731543570516	-0.3670520052725626	-1.4372156357117836	
1.0781786898806685	0.021030617598210333	-0.7238592683414179	
0.0	0.6629897998666532	0.0	
0.24650283306932697	0.6029276289436067	1.0714323091370106	
-0.45097475261767345	-0.020301563765586176	0.43334390358798286	
-0.03207849329214346	-0.051761464254061466	-0.018516368540531715	
0.30038374190809836	-0.29357732976464834	-0.4403294805356696	
0.0	0.46880458334322234	-0.46880458334322256	
#HMM
$pi
1.0	0.0	0.0	0.0	0.0	0.0	0.0	0.0	
$a
0.33333333333333354	0.3333333333333336	0.3333333333333336	0.0	0.0	0.0	0.0	0.0	
0.0	0.3333333333333333	0.3333333333333333	0.3333333333333333	0.0	0.0	0.0	0.0	
0.0	0.0	0.3333333333333333	0.3333333333333334	0.3333333333333334	0.0	0.0	0.0	
0.0	0.0	0.0	0.3333333333333332	0.3333333333333333	0.3333333333333333	0.0	0.0	
0.0	0.0	0.0	0.0	0.33333333333333337	0.33333333333333337	0.3333333333333334	0.0	
0.0	0.0	0.0	0.0	0.0	0.33333333333333337	0.3333333333333334	0.3333333333333334	
0.0	0.0	0.0	0.0	0.0	0.0	0.5	0.5	
0.0	0.0	0.0	0.0	0.0	0.0	0.0	1.0	
$b
1.827179229006614E-12	8.521824044337261E-10	3.3188745471848275E-6	0.007906929775208663	0.029721079103795175	5.125110711754707E-20	3.725820890792216E-17	8.689184642870935E-15	0.0	3.18179185929604E-7	0.5031090939539857	0.4592592592592594	1.5990205289344423E-17	0.0	
9.04691708210005E-11	3.2393579714419034E-8	7.698921674738781E-5	0.06754616222685113	0.07517146776406036	4.12624678917216E-18	2.5635578736152554E-15	5.102327598082452E-13	0.0	8.406408301278081E-6	0.7090487937513288	0.1481481481481481	1.0633545978508413E-15	0.0	
7.779101429505539E-10	2.1673024353223068E-7	3.2476547723318767E-4	0.1263593387287269	0.06181984453589393	5.679392360153474E-17	3.029295544833686E-14	5.172885749471703E-12	0.0	4.018768058546723E-5	0.692937127545673	0.11851851851851851	1.214204979738921E-14	0.0	
8.27796546000095E-9	1.8065718505496843E-6	0.0017195877319745973	0.2962001551755823	0.031019661636945587	9.583213097614967E-16	4.4019992190952635E-13	6.47062529635539E-11	0.0	2.4203888889149053E-4	0.6234093342440645	0.047407407407407405	1.7040811383428827E-13	0.0	
5.127239519017361E-8	8.798523406949887E-6	0.005325506111315091	0.4285147876673559	0.022745978301533874	9.356965663802322E-15	3.709495584856695E-12	4.703831664501423E-10	0.0	8.57488055441594E-4	0.520998568044242	0.02154882154882155	1.385885040418559E-12	0.0	
2.984586685093764E-7	4.035452490942317E-5	0.015473226633017402	0.5944073171765427	0.01755829903978065	8.556322950287937E-14	2.9320101191121213E-11	3.211735769734129E-9	0.0	0.0028723717183990285	0.3696481291969785	3.446335325293275E-37	1.0562348778954059E-11	0.0	
1.6089412459171267E-5	6.553802515612424E-4	0.057928115225371744	0.6846219636033165	0.017571059433872816	2.6732571382217663E-10	1.812952908616246E-8	5.377686939028475E-7	0.0	0.016347303689091236	0.22285952797578049	1.987170059151218E-26	4.242998287075048E-9	0.0	
0.08619760253416332	0.12735504133501419	0.09390932194281983	0.15143362509903013	0.08280219895666771	0.09263056325674503	0.0823382781407027	0.07075944870225294	0.0	0.10902157527312425	0.007062174769061741	0.04631528163068389	0.05017488835973427	0.0	
#END