#STATES
8
#OBSERVATIONS
14
#DEFAULTPROBABILITY
1.8167551952910698E-79
#QUANTIZER
$map
1.2304170046063185	0.31987915626390945	0.10398828440506377	
1.0381769726961483	0.5202527076788056	0.9821180081961103	
-0.5531211799677739	0.2909648018508449	1.4194872812383088	
-1.2121715934493802	0.2031041036242893	0.9179547241168368	
-1.416199692858154	-0.09309470228991562	0.16463687394660992	
-1.2310219992702367	-0.4371419967446188	-0.39411731134651257	
0.09989327254297005	-0.3638475557921958	-1.038232204205919	
0.8945022410390373	-0.010380907110620032	-0.6927760752159134	
0.16876875451524298	0.14128123323829542	0.26747801750824035	
0.23862097784243685	0.514290375142596	1.3583549412435203	
-0.4966886159212111	0.005132453562023538	0.6897608967605816	
0.21057753837330934	-0.11096859173063034	-0.3295040307347515	
-0.6041201244858212	-0.42708623416497526	-0.6612233647936049	
0.0	0.4108677895825892	-0.4108677895825894	
#HMM
$pi
1.0	0.0	0.0	0.0	0.0	0.0	0.0	0.0	
$a
0.3333333333333334	0.3333333333333334	0.3333333333333335	0.0	0.0	0.0	0.0	0.0	
0.0	0.3333333333333333	0.3333333333333333	0.3333333333333333	0.0	0.0	0.0	0.0	
0.0	0.0	0.3333333333333334	0.3333333333333334	0.3333333333333334	0.0	0.0	0.0	
0.0	0.0	0.0	0.33333333333333326	0.3333333333333333	0.3333333333333333	0.0	0.0	
0.0	0.0	0.0	0.0	0.3333333333333333	0.3333333333333333	0.33333333333333337	0.0	
0.0	0.0	0.0	0.0	0.0	0.3333333333333333	0.33333333333333337	0.33333333333333337	
0.0	0.0	0.0	0.0	0.0	0.0	0.5	0.5	
0.0	0.0	0.0	0.0	0.0	0.0	0.0	1.0000000000000002	
$b
0.07508390708783605	0.0025762240984626918	4.8178487878924054E-5	1.2776284113056098E-7	1.7492908169599934E-9	6.261457234233268E-11	3.203567336627175E-15	3.1502780942429594E-18	0.7216221556108771	3.0360655499559814E-4	0.15555555624386888	0.044810242341106546	2.2481327597017232E-13	0.0	
0.2313445895216966	0.022764437737313365	7.392288434182426E-4	3.588708223044457E-6	6.208267189537783E-8	2.591979674891004E-9	1.9046690365468983E-13	2.271573054734434E-16	0.6039142632954551	0.00405959221222293	0.04444446819125252	0.09272976680384112	1.1734599284743468E-11	0.0	
0.22509767468699884	0.041832538185661114	0.0021790277591642805	1.809000030116788E-5	3.8934259148413623E-7	1.87962309726629E-8	1.9536379888397266E-12	2.8088183045137545E-15	0.6233211212533472	0.010614552706323178	0.029629774175417973	0.06730681298582863	1.0617891018199908E-10	0.0	
0.19752323713576234	0.09246862356833171	0.008157003797494043	1.143680811945565E-4	3.0472863290597843E-6	1.6945682321710868E-7	2.4711061290788607E-11	4.2667170987280054E-14	0.6462321123135023	0.035015659690626214	1.0952440876197423E-6	0.020484682213124873	1.187970276800191E-9	0.0	
0.1636803948646655	0.11970357172025842	0.018156201242202144	4.2367369117652997E-4	1.394856816725027E-5	8.916640282979654E-7	1.815830348788185E-10	3.7559987459642685E-13	0.5996917814018865	0.06839577214747947	4.8379663077841754E-6	0.02992891881820439	7.733664904711117E-9	0.0	
0.13491870844239218	0.14041318766848035	0.03851992099615421	0.0014787193045566042	6.016052408948012E-5	4.416700349623806E-6	1.2529697910105686E-9	3.099907733609317E-12	0.5196317182904595	0.12607396935360027	2.005941552417112E-5	0.0388790907340401	4.7314283937914855E-8	0.0	
0.14711236377183984	0.12548440204021383	0.0846349730991297	0.009225776650439907	7.695107368677136E-4	1.017906742332866E-4	2.306668198711212E-7	3.0346034574970623E-9	0.3901130889718314	0.20923281649193018	2.0828262652854878E-4	0.03311321816711973	3.5430684424831015E-6	0.0	
0.08741176693331866	0.06331283645357508	0.08557307714255209	0.07466058539591079	0.08066222685161423	0.08651958369850994	0.07482918266471168	0.1473199604915782	0.018746969103314307	0.0757170526359977	0.031564987269775524	0.08716058101141506	0.08652119034772626	0.0	
#END